Рђї 8204 (0, 1) 1480
РЂЕ 8297 (50, 51) 73
РЃБ 8419 (144, 145) 229
РЂд 8294 (167, 168) 19
РЎђ 9792 (8, 9) 1
┬Г 173 (85, 86) 33
­ЪЄИ 127480 (239, 240) 4
­ЪЄф 127466 (0, 1) 2
┬г 172 (85, 86) 1
РђІ 8203 (696, 697) 5
РЌЈ 9679 (105, 106) 13
­ЪЄх 127477 (111, 112) 2
­ЪЄ▒ 127473 (112, 113) 2
┘г 1644 (195, 196) 6
­ЪЄД 127463 (25, 26) 14
­ЪЄГ 127469 (26, 27) 4
№╝џ 65306 (50, 51) 8
Рђў 8216 (224, 225) 2
РђЎ 8217 (241, 242) 4
┘░ 1648 (2843, 2844) 7
сђі 12298 (1, 2) 1
сђІ 12299 (12, 13) 1
№║╣ 65209 (1319, 1320) 10
№║Е 65193 (1320, 1321) 22
№╗Ю 65245 (1326, 1327) 6
№║Г 65197 (1329, 1330) 28
№║Ћ 65173 (1332, 1333) 28
№╗Г 65261 (1333, 1334) 18
№╗Ц 65253 (1336, 1337) 20
№║▒ 65201 (1362, 1363) 14
№║» 65199 (1379, 1380) 8
№«њ 64402 (1390, 1391) 4
№║Ю 65181 (1401, 1402) 10
№╗Љ 65233 (1455, 1456) 2
№╗Ї 65229 (1459, 1460) 2
­ЪЄФ 127467 (31, 32) 1
­ЪЄ║ 127482 (493, 494) 1
█ћ 1748 (53, 54) 5
РўФ 9771 (143, 144) 8
пЈ 1551 (448, 449) 1
 16 (43, 44) 2
№Б┐ 63743 (180, 181) 2
Рђ│ 8243 (762, 763) 10
РЂа 8288 (2, 3) 1
№ий 65021 (86, 87) 2
№┐╝ 65532 (253, 254) 2